Calc Acc for: compressionq5
3
(5, 149, '/', 205, 0.7268292682926829)
5
(5, 187, '/', 205, 0.9121951219512195)
7
(5, 194, '/', 205, 0.9463414634146341)
9
(5, 195, '/', 205, 0.9512195121951219)



Calc Acc for: compressionq10
3
(10, 190, '/', 205, 0.926829268292683)
5
(10, 200, '/', 205, 0.975609756097561)
7
(10, 203, '/', 205, 0.9902439024390244)
9
(10, 203, '/', 205, 0.9902439024390244)



Calc Acc for: compressionq15
3
(15, 203, '/', 205, 0.9902439024390244)
5
(15, 204, '/', 205, 0.9951219512195122)
7
(15, 205, '/', 205, 1.0)
9
(15, 205, '/', 205, 1.0)



Calc Acc for: noiseq5
-10
(5, 151, '/', 196, 0.7704081632653061)
-15
(5, 159, '/', 196, 0.8112244897959183)
-5
(5, 126, '/', 196, 0.6428571428571429)
0
(5, 90, '/', 196, 0.45918367346938777)
10
(5, 20, '/', 196, 0.10204081632653061)
15
(5, 3, '/', 196, 0.015306122448979591)
5
(5, 51, '/', 196, 0.2602040816326531)



Calc Acc for: noiseq10
-10
(10, 170, '/', 196, 0.8673469387755102)
-15
(10, 177, '/', 196, 0.9030612244897959)
-5
(10, 160, '/', 196, 0.8163265306122449)
0
(10, 135, '/', 196, 0.6887755102040817)
10
(10, 42, '/', 196, 0.21428571428571427)
15
(10, 8, '/', 196, 0.04081632653061224)
5
(10, 77, '/', 196, 0.39285714285714285)



Calc Acc for: noiseq15
-10
(15, 184, '/', 196, 0.9387755102040817)
-15
(15, 188, '/', 196, 0.9591836734693877)
-5
(15, 177, '/', 196, 0.9030612244897959)
0
(15, 155, '/', 196, 0.7908163265306123)
10
(15, 63, '/', 196, 0.32142857142857145)
15
(15, 28, '/', 196, 0.14285714285714285)
5
(15, 122, '/', 196, 0.6224489795918368)



Calc Acc for: noisyenvq5
-10
(5, 150, '/', 196, 0.7653061224489796)
-15
(5, 168, '/', 196, 0.8571428571428571)
-5
(5, 124, '/', 196, 0.6326530612244898)
0
(5, 76, '/', 196, 0.3877551020408163)
10
(5, 2, '/', 196, 0.01020408163265306)
15
(5, 0, '/', 196, 0.0)
5
(5, 27, '/', 196, 0.1377551020408163)



Calc Acc for: noisyenvq10
-10
(10, 170, '/', 196, 0.8673469387755102)
-15
(10, 177, '/', 196, 0.9030612244897959)
-5
(10, 155, '/', 196, 0.7908163265306123)
0
(10, 119, '/', 196, 0.6071428571428571)
10
(10, 15, '/', 196, 0.07653061224489796)
15
(10, 2, '/', 196, 0.01020408163265306)
5
(10, 63, '/', 196, 0.32142857142857145)



Calc Acc for: noisyenvq15
-10
(15, 182, '/', 196, 0.9285714285714286)
-15
(15, 187, '/', 196, 0.9540816326530612)
-5
(15, 170, '/', 196, 0.8673469387755102)
0
(15, 144, '/', 196, 0.7346938775510204)
10
(15, 19, '/', 196, 0.09693877551020408)
15
(15, 7, '/', 196, 0.03571428571428571)
5
(15, 79, '/', 196, 0.4030612244897959)



Calc Acc for: pitchq5
10000
(5, 167, '/', 205, 0.8146341463414634)
20000
(5, 193, '/', 205, 0.9414634146341463)
30000
(5, 196, '/', 205, 0.9560975609756097)



Calc Acc for: pitchq10
10000
(10, 195, '/', 205, 0.9512195121951219)
20000
(10, 200, '/', 205, 0.975609756097561)
30000
(10, 203, '/', 205, 0.9902439024390244)



Calc Acc for: pitchq15
10000
(15, 202, '/', 205, 0.9853658536585366)
20000
(15, 205, '/', 205, 1.0)
30000
(15, 205, '/', 205, 1.0)



Calc Acc for: speechq5
-10
(5, 148, '/', 196, 0.7551020408163265)
-15
(5, 163, '/', 196, 0.8316326530612245)
-5
(5, 121, '/', 196, 0.6173469387755102)
0
(5, 60, '/', 196, 0.30612244897959184)
10
(5, 2, '/', 196, 0.01020408163265306)
15
(5, 1, '/', 196, 0.00510204081632653)
5
(5, 12, '/', 196, 0.061224489795918366)



Calc Acc for: speechq10
-10
(10, 168, '/', 196, 0.8571428571428571)
-15
(10, 180, '/', 196, 0.9183673469387755)
-5
(10, 150, '/', 196, 0.7653061224489796)
0
(10, 101, '/', 196, 0.5153061224489796)
10
(10, 5, '/', 196, 0.025510204081632654)
15
(10, 1, '/', 196, 0.00510204081632653)
5
(10, 31, '/', 196, 0.15816326530612246)



Calc Acc for: speechq15
-10
(15, 179, '/', 196, 0.9132653061224489)
-15
(15, 184, '/', 196, 0.9387755102040817)
-5
(15, 171, '/', 196, 0.8724489795918368)
0
(15, 134, '/', 196, 0.6836734693877551)
10
(15, 22, '/', 196, 0.11224489795918367)
15
(15, 5, '/', 196, 0.025510204081632654)
5
(15, 76, '/', 196, 0.3877551020408163)



Calc Acc for: speedupq5
050
(5, 2, '/', 205, 0.00975609756097561)
075
(5, 0, '/', 205, 0.0)
125
(5, 0, '/', 205, 0.0)
150
(5, 0, '/', 204, 0.0)
175
(5, 0, '/', 204, 0.0)



Calc Acc for: speedupq10
050
(10, 3, '/', 205, 0.014634146341463415)
075
(10, 1, '/', 205, 0.004878048780487805)
125
(10, 0, '/', 205, 0.0)
150
(10, 0, '/', 204, 0.0)
175
(10, 0, '/', 205, 0.0)



Calc Acc for: speedupq15
050
(15, 15, '/', 205, 0.07317073170731707)
075
(15, 0, '/', 205, 0.0)
125
(15, 0, '/', 205, 0.0)
150
(15, 1, '/', 205, 0.004878048780487805)
175
(15, 0, '/', 205, 0.0)



